224 248 958 1033 1114 1156 1293 1354 1358 1401 1798 2047
224 248 958 964 1033 1114 1156 1293 1354 1358 1401 1798
224 248 365 1033 1114 1156 1293 1354 1358 1401 1798 2047
224 248 365 964 1033 1114 1156 1293 1354 1358 1401 1798
224 248 365 958 1033 1156 1293 1354 1358 1401 1798 2047
224 248 365 958 1033 1114 1156 1293 1358 1401 1798 2047
224 248 365 958 964 1033 1156 1293 1354 1358 1401 1798
224 248 365 958 964 1033 1114 1156 1293 1358 1401 1798
0 248 958 964 1033 1114 1156 1293 1354 1358 1401 2047
0 248 365 964 1033 1114 1156 1293 1354 1358 1401 2047
0 248 365 958 1033 1114 1156 1293 1354 1401 1798 2047
0 248 365 958 964 1033 1156 1293 1354 1358 1401 2047
0 248 365 958 964 1033 1114 1156 1293 1358 1401 2047
0 248 365 958 964 1033 1114 1156 1293 1354 1401 1798
0 224 365 958 1033 1114 1156 1293 1354 1358 1401 2047
0 224 365 958 964 1033 1114 1156 1293 1354 1358 1401
0 224 248 964 1033 1156 1293 1354 1358 1401 1798 2047
0 224 248 964 1033 1114 1156 1293 1358 1401 1798 2047
0 224 248 958 1114 1156 1293 1354 1358 1401 1798 2047
0 224 248 958 1033 1114 1156 1354 1358 1401 1798 2047
0 224 248 958 1033 1114 1156 1293 1354 1358 1798 2047
0 224 248 958 964 1114 1156 1293 1354 1358 1401 1798
0 224 248 958 964 1033 1156 1293 1358 1401 1798 2047
0 224 248 958 964 1033 1114 1156 1354 1358 1401 1798
0 224 248 958 964 1033 1114 1156 1293 1354 1401 2047
0 224 248 958 964 1033 1114 1156 1293 1354 1358 1798
0 224 248 365 1114 1156 1293 1354 1358 1401 1798 2047
0 224 248 365 1033 1114 1156 1354 1358 1401 1798 2047
0 224 248 365 1033 1114 1156 1293 1354 1358 1798 2047
0 224 248 365 964 1114 1156 1293 1354 1358 1401 1798
0 224 248 365 964 1033 1156 1293 1358 1401 1798 2047
0 224 248 365 964 1033 1114 1156 1354 1358 1401 1798
0 224 248 365 964 1033 1114 1156 1293 1354 1401 2047
0 224 248 365 964 1033 1114 1156 1293 1354 1358 1798
0 224 248 365 958 1156 1293 1354 1358 1401 1798 2047
0 224 248 365 958 1114 1156 1293 1358 1401 1798 2047
0 224 248 365 958 1033 1156 1354 1358 1401 1798 2047
0 224 248 365 958 1033 1156 1293 1354 1358 1798 2047
0 224 248 365 958 1033 1114 1293 1354 1358 1401 2047
0 224 248 365 958 1033 1114 1156 1358 1401 1798 2047
0 224 248 365 958 1033 1114 1156 1293 1358 1798 2047
0 224 248 365 958 964 1156 1293 1354 1358 1401 1798
0 224 248 365 958 964 1114 1156 1293 1358 1401 1798
0 224 248 365 958 964 1033 1156 1354 1358 1401 1798
0 224 248 365 958 964 1033 1156 1293 1354 1401 2047
0 224 248 365 958 964 1033 1156 1293 1354 1358 1798
0 224 248 365 958 964 1033 1114 1293 1354 1358 1401
0 224 248 365 958 964 1033 1114 1156 1358 1401 1798
0 224 248 365 958 964 1033 1114 1156 1293 1401 2047
0 224 248 365 958 964 1033 1114 1156 1293 1358 1798
